
Major Routine Parallel Profiling - NonSetup CPU Seconds:

           D                                                              
           a                                                              
           t                                                              
           a                              D                               
           D         N                    i                               
           i         o                    h                               
           s         n             A      e      S      R      O         T
   T       t         B      B      n      d      h      u      t         o
   a       r         o      o      g      r      a      n      h         t
   s       i         n      n      l      a      k      M      e         a
   k       b         d      d      e      l      e      D      r         l
------------------------------------------------------------------------------
   0     1.5      17.8    0.0    0.0    0.5    0.0    3.0    0.0      22.9
   1     1.5      17.7    0.0    0.1    0.8    0.0    2.7    0.0      22.9
   2     1.5      17.7    0.0    0.1    1.4    0.0    2.2    0.0      22.9
   3     1.5      17.6    0.0    0.1    1.2    0.0    2.5    0.0      22.9
   4     1.4      17.7    0.0    0.1    1.4    0.0    2.2    0.0      22.9
   5     1.4      17.6    0.0    0.1    0.9    0.0    2.7    0.0      22.8
   6     1.5      17.7    0.0    0.1    1.2    0.0    2.3    0.0      22.9
   7     1.5      17.2    0.0    0.1    1.1    0.0    2.9    0.0      22.9
   8     1.4      17.5    0.0    0.1    0.7    0.0    3.3    0.0      22.9
   9     1.5      17.4    0.0    0.1    1.0    0.0    2.9    0.0      22.9
  10     1.5      17.3    0.0    0.1    1.2    0.0    2.8    0.0      22.9
  11     1.5      17.4    0.0    0.1    1.1    0.0    2.8    0.0      22.9
  12     1.5      17.5    0.0    0.1    1.2    0.0    2.6    0.0      22.9
  13     1.3      17.5    0.0    0.1    0.8    0.0    3.2    0.0      22.9
  14     1.5      17.5    0.0    0.1    0.9    0.0    3.0    0.0      22.9
  15     1.4      17.4    0.0    0.1    1.4    0.0    2.5    0.0      22.9
  16     1.5      17.4    0.0    0.1    1.3    0.0    2.6    0.0      22.9
  17     1.4      17.3    0.0    0.1    1.4    0.0    2.6    0.0      22.9
  18     1.5      17.3    0.0    0.1    0.4    0.0    3.6    0.0      22.9
  19     1.3      17.4    0.0    0.1    1.2    0.0    2.8    0.1      22.9
  20     1.4      17.4    0.0    0.1    1.0    0.0    3.0    0.0      22.9
  21     1.3      17.3    0.0    0.1    1.2    0.0    2.8    0.1      22.8
  22     1.5      17.4    0.0    0.1    1.0    0.0    2.9    0.0      22.9
  23     1.3      17.4    0.0    0.1    1.1    0.0    2.9    0.0      22.9
  24     1.4      17.3    0.0    0.0    0.6    0.0    3.5    0.0      22.9
  25     1.6      17.2    0.0    0.1    1.2    0.0    2.8    0.0      22.9
  26     1.7      17.3    0.0    0.0    0.3    0.0    3.6    0.0      22.9
  27     1.5      17.4    0.0    0.1    0.8    0.0    3.1    0.0      22.9
------------------------------------------------------------------------------
 avg     1.5      17.5    0.0    0.1    1.0    0.0    2.8    0.0      22.9
 min     1.3      17.2    0.0    0.0    0.3    0.0    2.2    0.0      22.8
 max     1.7      17.8    0.0    0.1    1.4    0.0    3.6    0.1      22.9
 std     0.1       0.2    0.0    0.0    0.3    0.0    0.4    0.0       0.0
------------------------------------------------------------------------------

GB NonBond Parallel Profiling - NonSetup CPU Seconds:

                                 O         D          
                                 f         i          
             R                   f         s         T
   T         a         D         D         t         o
   a         d         i         i         r         t
   s         i         a         a         i         a
   k         i         g         g         b         l
------------------------------------------------------
   0       3.6       5.2       7.7       1.3      17.8
   1       3.5       5.2       7.8       1.0      17.6
   2       3.4       5.0       7.7       1.5      17.6
   3       3.5       5.2       7.7       1.2      17.6
   4       3.5       5.1       7.6       1.5      17.6
   5       3.4       5.2       7.6       1.4      17.6
   6       3.4       5.0       7.5       1.9      17.6
   7       3.4       4.7       7.6       1.4      17.2
   8       3.4       4.7       7.5       1.8      17.4
   9       3.4       4.8       7.4       1.6      17.3
  10       3.2       4.7       7.7       1.7      17.3
  11       3.6       4.7       7.3       1.8      17.3
  12       3.4       4.6       7.3       2.2      17.5
  13       3.5       4.8       7.3       1.8      17.4
  14       3.4       4.6       7.1       2.3      17.4
  15       3.5       4.6       7.1       2.0      17.3
  16       3.1       4.5       7.2       2.6      17.4
  17       3.4       4.6       7.1       2.2      17.3
  18       3.1       4.4       7.1       2.7      17.2
  19       3.4       4.6       7.0       2.2      17.3
  20       3.1       4.5       7.0       2.7      17.3
  21       3.4       4.5       6.9       2.4      17.3
  22       2.8       4.5       7.0       3.0      17.3
  23       3.3       4.5       6.8       2.6      17.3
  24       3.3       4.5       6.8       2.7      17.3
  25       3.2       4.5       6.7       2.7      17.2
  26       3.1       4.5       6.7       2.9      17.2
  27       3.3       4.6       6.6       2.8      17.3
------------------------------------------------------
 avg       3.3       4.7       7.2       0.0       2.1
“$9
------------------------------------------------------
