
Major Routine Parallel Profiling - NonSetup CPU Seconds:

           D                                                              
           a                                                              
           t                                                              
           a                              D                               
           D         N                    i                               
           i         o                    h                               
           s         n             A      e      S      R      O         T
   T       t         B      B      n      d      h      u      t         o
   a       r         o      o      g      r      a      n      h         t
   s       i         n      n      l      a      k      M      e         a
   k       b         d      d      e      l      e      D      r         l
------------------------------------------------------------------------------
   0     1.6      32.1    0.0    0.1    1.0    0.0    3.3    0.0      38.3
   1     1.7      31.8    0.0    0.1    1.2    0.0    3.2    0.0      38.3
   2     1.8      32.0    0.0    0.2    1.4    0.0    2.8    0.0      38.2
   3     1.7      31.9    0.0    0.2    1.7    0.0    2.8    0.0      38.3
   4     1.7      32.1    0.0    0.2    1.5    0.0    2.7    0.0      38.3
   5     1.7      32.0    0.0    0.1    1.3    0.0    3.0    0.0      38.3
   6     1.6      32.2    0.0    0.2    1.8    0.0    2.4    0.0      38.3
   7     1.7      32.1    0.0    0.2    1.8    0.0    2.5    0.0      38.3
   8     1.6      32.3    0.0    0.2    1.7    0.0    2.4    0.0      38.3
   9     1.6      32.2    0.0    0.2    1.8    0.0    2.4    0.0      38.3
  10     1.7      32.3    0.0    0.2    1.5    0.0    2.6    0.0      38.3
  11     1.7      31.9    0.0    0.1    1.6    0.0    2.9    0.0      38.3
  12     1.6      32.4    0.0    0.2    1.4    0.0    2.6    0.0      38.3
  13     1.7      32.1    0.0    0.1    1.2    0.0    3.1    0.0      38.3
  14     1.7      32.0    0.0    0.2    1.5    0.0    2.8    0.0      38.3
  15     1.6      31.8    0.0    0.2    1.9    0.0    2.8    0.0      38.3
  16     1.5      31.9    0.0    0.2    1.8    0.0    2.8    0.0      38.3
  17     1.7      31.6    0.0    0.1    1.8    0.0    3.0    0.0      38.3
  18     1.6      31.7    0.0    0.2    1.7    0.0    3.1    0.0      38.3
  19     1.6      31.5    0.0    0.1    1.4    0.0    3.6    0.0      38.3
  20     1.5      31.8    0.0    0.2    1.2    0.0    3.4    0.0      38.3
  21     1.6      31.9    0.0    0.1    1.6    0.0    3.0    0.0      38.3
  22     1.6      32.0    0.0    0.1    1.5    0.0    2.9    0.0      38.3
  23     1.6      31.8    0.0    0.1    1.8    0.0    3.0    0.0      38.3
  24     1.6      31.5    0.0    0.1    1.9    0.0    3.0    0.0      38.3
  25     1.6      31.5    0.0    0.1    1.5    0.0    3.5    0.0      38.3
  26     1.7      31.5    0.0    0.1    1.4    0.0    3.4    0.0      38.3
  27     1.7      31.5    0.0    0.1    1.2    0.0    3.7    0.0      38.3
------------------------------------------------------------------------------
 avg     1.6      31.9    0.0    0.1    1.5    0.0    2.9    0.0      38.3
 min     1.5      31.5    0.0    0.1    1.0    0.0    2.4    0.0      38.2
 max     1.8      32.4    0.0    0.2    1.9    0.0    3.7    0.0      38.3
 std     0.1       0.3    0.0    0.0    0.2    0.0    0.4    0.0       0.0
------------------------------------------------------------------------------

GB NonBond Parallel Profiling - NonSetup CPU Seconds:

                                 O         D          
                                 f         i          
             R                   f         s         T
   T         a         D         D         t         o
   a         d         i         i         r         t
   s         i         a         a         i         a
   k         i         g         g         b         l
------------------------------------------------------
   0       5.8       8.7      15.4       2.2      32.1
   1       5.6       8.6      15.2       2.4      31.8
   2       6.0       8.6      15.1       2.2      31.9
   3       5.8       8.6      15.1       2.3      31.9
   4       5.8       8.7      15.0       2.6      32.1
   5       6.1       8.8      15.0       2.1      32.0
   6       5.8       8.7      14.9       2.7      32.1
   7       5.7       8.8      14.8       2.7      32.0
   8       5.8       8.8      14.8       3.0      32.2
   9       5.8       8.8      14.7       2.7      32.1
  10       5.6       8.7      14.6       3.2      32.2
  11       5.5       8.6      14.8       3.0      31.9
  12       5.6       8.8      14.5       3.4      32.3
  13       5.5       8.8      14.6       3.2      32.0
  14       5.6       8.6      14.4       3.5      32.0
  15       5.7       8.4      14.4       3.2      31.7
  16       5.7       8.4      14.3       3.5      31.9
  17       5.4       8.4      14.3       3.5      31.5
  18       5.4       8.2      14.2       3.7      31.6
  19       5.4       8.2      14.4       3.4      31.4
  20       5.6       8.3      14.1       3.8      31.8
  21       5.6       8.6      14.0       3.6      31.8
  22       5.7       8.5      13.9       3.8      31.9
  23       5.4       8.5      14.0       3.8      31.7
  24       5.2       8.2      13.8       4.2      31.4
  25       5.3       8.2      13.8       4.0      31.4
  26       5.3       8.2      13.7       4.2      31.5
  27       5.3       8.3      13.7       4.2      31.5
------------------------------------------------------
 avg       5.6       8.5      14.5       0.0       3.2
n€Ó≈
------------------------------------------------------
